nbM1 3
nbM2 5
nbJob 20
nbProd 5
nbTypes 4
setUp
0 0 0 0 0 
0 0 0 0 0 
0 0 0 0 0 
0 0 0 0 0 
0 0 0 0 0 
duration
1.4545568323003182 0.5666774673232087 2.229079845625815 2.344143737235118 
1.0298702440346494 1.9511518946657485 2.3792907159790557 1.3679500174820878 
1.8954505252861111 2.25896985326019 2.4465622516349073 0.7040434593194933 
0.8070816563261936 2.1201998183080875 0.6490610986644967 1.4644955098552193 
0.9250846004316999 0.9395338102611939 1.3543425422365631 1.503383443974701 
setUpTimeM
4 1 2 
setUpTimeF
3 3 2 4 4 
jobs
1 1 2 12 3
2 2 0 18 3
3 3 0 15 7
4 0 3 3 12
5 3 1 13 16
6 1 0 4 15
7 0 2 7 18
8 0 0 16 22
9 3 0 7 27
10 0 0 13 31
11 0 1 15 31
12 0 3 7 34
13 1 0 17 38
14 4 0 9 42
15 3 3 5 43
16 1 2 17 46
17 3 3 18 52
18 1 0 5 53
19 1 1 3 56
20 4 2 11 61
stockCapa
50 50 50 
50 50 50 
50 50 50 
50 50 50 
50 50 50 
