nbM1 4
nbM2 12
nbJob 120
nbProd 6
nbTypes 12
coutProd 1
coutPenalite 10
setUp
0 0 1 1 0 0 
0 0 1 1 0 0 
0 1 0 0 1 0 
1 1 0 0 1 0 
1 1 1 0 0 0 
0 1 1 1 1 0 
duration
1.197397116678962 0.8048805126497689 0.7738200986063596 1.3684120961014532 0.6361205557817385 0.5918453688658396 1.424423745681466 1.1468004992198604 0.5296960994929742 1.4114810535292874 1.1210533447391433 0.7134281802830104 
1.0989869531813996 1.1136009536077056 1.4024047666555857 0.5740489192294965 0.8066903434232541 0.658925279745675 0.7939740317280455 1.1487422315858342 1.4322358229321233 1.1601604145938356 1.2216077280680864 1.3209295307462017 
1.1373191846602648 0.9676765659997493 1.2802672654676472 1.1320172396576789 0.6274495711901471 0.6300149070326255 0.9228573536225949 0.9465266222100824 1.1603946693145157 0.8377748455176153 0.8576009878289389 0.8940152379808645 
1.2041668135226211 1.394003203305321 0.5723266212550231 1.031790057802585 1.0052005217019293 0.8450264875324915 1.4401655972437308 1.4663580228507593 1.1916301967867629 0.6527384703029986 0.803541334369943 0.6217549497970838 
0.807083795308976 0.6926754412378958 1.2819637573797606 0.9493387154789299 0.8471671829643749 1.4217813850584053 0.8040258798899502 0.6363283862621213 1.4538203470653817 1.275586424089854 1.0251322283696265 1.2893161679251544 
1.4119856526979182 0.7265912624826294 0.8598712047810777 1.1441740990970573 1.4885355922018875 0.9639716513168225 0.83157660510764 1.0852230549972233 1.4551650873136852 1.3392862021896246 0.8215065530820962 0.644226750866718 
1.3449617175737723 0.563692204889953 0.5862001637783716 1.193718885412928 0.6066248965056209 1.139243488634306 1.1039560174525052 0.7493666285572584 1.34081238604452 0.6601653823501925 1.410008423837306 1.1525193629590231 
0.7298511645554021 1.4295716911314909 1.084861141793247 0.9167864301704076 1.1050566388015683 1.302909280207046 0.9713701870231213 0.6914333234909866 0.8351627191606441 0.7914856011238638 1.0135509344287517 1.1195810440370182 
1.3648726333177466 1.2377557958433016 1.333716831985362 0.8506383134299095 1.2842981310229744 1.3086150881877794 0.794440550756087 0.6040919546130292 1.2680631398971787 1.143763414399247 1.3279606335576064 1.4757262516671805 
1.0871047941370036 1.2432794666305051 1.2580397440795017 1.1275368691649543 0.6667135611791285 0.5818608081084963 0.6879136840942153 1.1090504416989744 1.3411112255453532 1.4967583722113318 0.7828524999983266 1.3204567728027143 
1.0378737940415315 0.6122527412188179 1.436988550979216 0.5469049065146264 1.1147639356664483 1.4355904949709881 1.3814489009124593 1.0685106560896351 0.9670454507863372 1.2876194942345973 1.2644618379434744 0.5820676781393556 
1.3251101644224255 0.9159313390651472 0.6139909116848784 1.0581499811264021 1.3702553492664689 1.479140846128915 0.8795820897725146 0.7012390218059987 1.4107075735035457 0.5880013481358772 0.9424926040341912 0.8807035550218831 
setUpTimeM
2 1 1 2 
setUpTimeF
2 2 4 4 3 3 1 2 2 2 1 2 
jobs
1 5 0 19 3
2 0 1 6 5
3 5 3 9 6
4 5 1 6 10
5 0 0 8 11
6 0 7 4 11
7 2 6 7 14
8 0 5 7 15
9 4 0 6 19
10 5 6 14 22
11 2 4 7 21
12 2 5 19 26
13 0 10 12 26
14 1 5 16 30
15 2 7 13 31
16 5 5 2 33
17 0 3 11 34
18 0 0 4 38
19 3 0 15 40
20 1 11 12 39
21 4 10 2 44
22 1 8 11 43
23 0 10 8 45
24 2 1 13 47
25 2 2 5 50
26 1 8 16 52
27 0 1 6 53
28 2 8 15 56
29 0 11 16 57
30 0 0 5 60
31 0 9 12 61
32 5 4 17 66
33 5 1 19 65
34 2 2 4 66
35 1 1 11 71
36 3 8 8 70
37 0 0 2 72
38 5 9 10 75
39 0 10 2 77
40 2 0 10 81
41 2 10 16 81
42 0 6 3 83
43 3 7 10 86
44 2 3 14 89
45 2 11 9 89
46 5 3 6 90
47 1 6 14 92
48 0 0 9 95
49 5 7 2 99
50 3 1 4 98
51 1 0 16 100
52 0 1 4 106
53 2 6 7 108
54 1 2 18 106
55 5 3 4 110
56 2 2 5 113
57 3 4 17 114
58 5 11 7 116
59 0 9 13 117
60 2 4 8 118
61 2 9 10 124
62 2 8 11 123
63 1 1 15 127
64 1 10 6 130
65 2 8 3 129
66 3 8 16 130
67 3 11 18 133
68 0 2 3 137
69 5 1 13 137
70 2 6 5 141
71 1 0 12 141
72 0 9 15 146
73 3 8 19 144
74 5 11 2 147
75 0 1 4 150
76 3 1 15 153
77 5 7 2 152
78 5 7 16 155
79 0 0 18 158
80 3 10 15 158
81 5 0 10 162
82 4 11 5 163
83 3 0 7 165
84 4 3 4 168
85 4 5 19 171
86 2 7 4 171
87 4 2 16 172
88 3 1 12 176
89 4 9 17 180
90 0 4 14 178
91 4 2 9 182
92 2 5 6 186
93 3 3 8 186
94 2 1 19 186
95 1 2 3 189
96 1 0 19 194
97 1 6 3 192
98 2 1 3 197
99 4 0 15 197
100 5 6 11 199
101 5 3 13 202
102 0 6 15 206
103 2 8 6 206
104 5 11 8 208
105 3 10 19 212
106 2 4 6 210
107 3 3 14 216
108 4 10 7 218
109 5 11 13 218
110 1 0 19 220
111 4 3 7 220
112 5 1 12 223
113 4 1 10 226
114 5 6 10 229
115 1 2 16 232
116 5 8 6 234
117 2 8 3 234
118 1 10 12 234
119 5 8 14 237
120 1 7 8 240
stockCapa
50 50 50 
50 50 50 
50 50 50 
50 50 50 
50 50 50 
50 50 50 
50 50 50 
50 50 50 
50 50 50 
50 50 50 
50 50 50 
50 50 50 
