nbM1 1
nbM2 4
nbJob 32
nbProd 3
nbTypes 4
coutProd 1
coutPenalite 10
setUp
0 0 0
1 0 1
1 0 0
duration
0.9 1.1 1.0 100
1.1 1.0 0.9 100
1.0 0.95 1.05 100
100 100 100 0
setUpTimeM
3
setUpTimeF
4 5 6 0
jobs
1 1 0 9 130
2 0 1 6 150
3 1 3 9 60
4 1 1 6 210
5 0 0 8 210
6 0 2 4 110
7 2 2 7 140
8 0 3 7 150
9 2 0 6 90
10 2 3 1 22
11 2 3 7 21
12 2 2 1 26
13 0 1 12 126
14 1 0 6 230
15 2 2 3 231
16 1 3 2 233
17 0 3 11 134
18 0 0 4 38
19 1 0 5 90
20 1 1 2 139
21 0 0 2 144
22 1 2 11 143
23 0 1 8 245
24 2 1 3 247
25 2 2 5 150
26 1 0 6 152
27 0 1 6 153
28 2 3 5 197
29 0 1 6 185
30 0 0 5 160
31 0 2 12 161
32 2 2 7 166
stockCapa
50 40 30
45 35 25
50 40 30
1 1 1


