nbM1 1
nbM2 3
nbJob 60
nbProd 3
nbTypes 2
coutProd 1
coutPenalite 10
setUp
0 0 0
1 0 1
1 0 0
duration
1.1 2.0
1.1 1.0
3.0 0.2
setUpTimeM
2
setUpTimeF
4 5 6
jobs
1 0 0 32 50
2 0 1 16 75
3 1 0 20 105
4 1 1 26 175
5 2 0 23 200
6 2 1 30 250
7 0 0 3 250
8 0 1 88 300
9 1 0 6 375
10 2 1 1 64 375
11 0 0 32 380
12 0 1 16 1400
13 1 0 20 1475
14 1 1 26 1475
15 2 0 23 1500
16 2 1 30 1550
17 0 0 3 1550
18 0 1 88 1550
19 1 0 6 1575
20 2 1 1 64 1575
21 0 0 32 1576
22 0 1 16 580
23 1 0 20 590
24 1 1 26 600
25 2 0 23 601
26 2 1 30 602
27 0 0 37 603
28 0 1 88 606
29 1 0 6 660
30 2 1 1 64 675
31 0 0 32 680
32 0 1 16 690
33 1 0 20 695
34 1 1 26 695
35 2 0 23 700
36 2 1 30 750
37 0 0 3 750
38 0 1 88 750
39 1 0 6 775
40 2 1 1 64 775
41 0 0 32 785
42 0 1 16 800
43 1 0 20 810
44 1 1 26 875
45 2 0 23 900
46 2 1 30 950
47 0 0 3 950
48 0 1 88 960
49 1 0 6 975
50 2 1 1 64 975
51 0 0 32 1050
52 0 1 16 1100
53 1 0 20 1175
54 1 1 26 1175
55 2 0 23 1180
56 2 1 30 1190
57 0 0 3 1195
58 0 1 88 2000
59 1 0 6 2175
60 2 1 1 64 2175
stockCapa
10 10 10
15 15 25
20 20 20
